<svg xmlns="http://www.w3.org/2000/svg" width="30" height="30" viewBox="0 0 30 30">
  <g fill="none" fill-rule="evenodd" transform="translate(4.69 1)">
    <rect width="20.621" height="28" fill="#013A71" rx="3.437"/>
    <rect width="18.438" height="25.817" x="1.092" y="1.092" stroke="#FFF" stroke-width=".606" rx="2.628"/>
    <path fill="#E7000A" stroke="#FFF" stroke-width=".5" d="M5.92114446,11.7077105 C6.49261961,11.7077105 7.00999325,11.9393466 7.38449811,12.3138515 C7.75900297,12.6883563 7.99063904,13.20573 7.99063904,13.7772051 C7.99063904,14.544788 7.77613279,15.1466366 7.43843847,15.5670314 C7.09592443,15.9934263 6.62513748,16.2397694 6.09861626,16.2847741 L5.92114446,16.2922895 L5.29281852,16.2922895 C4.72134337,16.2922895 4.20396973,16.0606534 3.82946487,15.6861485 C3.45496001,15.3116437 3.22332394,14.79427 3.22332394,14.2227949 C3.22332394,13.455212 3.43783019,12.8533634 3.77552451,12.4329686 C4.11803855,12.0065737 4.5888255,11.7602306 5.11534672,11.7152259 L5.29281852,11.7077105 L5.92114446,11.7077105 Z M5.88055287,12.8170892 C5.80579335,12.7733887 5.70676046,12.7788978 5.23268441,12.9969632 C5.09778509,13.2396652 5.06386216,13.598823 5.06386216,13.9951181 C5.06386216,14.3914133 5.09778509,14.750571 5.23268441,14.9932731 C5.27497356,15.069357 5.32777567,15.1321145 5.39797129,15.1731471 C5.46419837,15.2118599 5.54443937,15.230124 5.63926208,15.230124 C5.73408478,15.230124 5.81432579,15.2118599 5.88055287,15.1731471 C5.95074848,15.1321145 6.0035506,15.069357 6.04583974,14.9932731 C6.18073906,14.750571 6.21466199,14.3914133 6.21466199,13.9951181 C6.21466199,13.598823 6.18073906,13.2396652 6.04583974,12.9969632 C6.0035506,12.9208793 5.95074848,12.8581218 5.88055287,12.8170892 Z"/>
    <path fill="#E7000A" stroke="#FFF" stroke-width=".5" d="M8.09123738,7.44315939 L8.09123738,9.50673694 L6.98965255,9.50673694 C6.99654108,9.13216438 6.96104867,8.88574039 6.87412079,8.74170827 L6.87412079,8.74170827 L6.52733428,10.5220487 L7.66517173,11.8929778 L3.92649232,11.8929778 L3.92649232,10.8355067 C4.22404684,10.8577504 4.44645885,10.8437463 4.60111938,10.7904861 L4.60111938,10.7904861 L4.79535934,8.6558741 L3.22332394,9.79935934 L3.22332394,7.44315939 L8.09123738,7.44315939 Z"/>
    <path fill="#FFF" d="M7.07083865 4.27937535C7.35558313 4.27937535 7.60376113 4.37252191 7.79965676 4.52929504L7.86986008 4.33589818 8.19938387 4.33589818 8.19938387 5.14011415 7.84956575 5.14011415 7.84364938 5.10397893C7.81492214 4.84573924 7.60549062 4.6460092 7.34947979 4.62650543L7.28172593 4.62558583C6.95505708 4.64142934 6.69584072 4.90184198 6.67774194 5.22453175L6.67673204 5.80675158C6.67673204 6.10801394 6.92095344 6.35223534 7.2222158 6.35223534 7.39429478 6.35223534 7.50876546 6.3041995 7.56562784 6.20812783L7.56562784 5.89500487C7.56562784 5.81951788 7.51673004 5.75545158 7.44888083 5.73275236L7.23990049 5.73307046 7.23990049 5.41847183 8.5790911 5.41847183 8.5790911 5.73307046 8.45276297 5.73283101C8.34755665 5.76177001 8.27027305 5.85812043 8.27027305 5.97252141L8.27027305 6.66096341 7.9456915 6.66096341 7.86373242 6.49370922 7.86178058 6.49189252C7.66582282 6.63028488 7.40395373 6.71206658 7.07083865 6.71403916 6.30841059 6.71025759 5.82362546 6.1690119 5.82362546 5.49670133 5.82362546 4.82439075 6.38202182 4.27937535 7.07083865 4.27937535zM5.03015333 4.36247346C5.38788421 4.36247346 5.67788238 4.65247163 5.67788238 5.01020251 5.67788238 5.36793339 5.38788421 5.65793157 5.03015333 5.65793157L4.23733333 5.65775143 4.23744621 6.09945864C4.23744621 6.21111187 4.32795904 6.3016247 4.43961228 6.3016247L4.63004327 6.3016247 4.63004327 6.63388883 3.14523225 6.63388883 3.14523225 6.3016247 3.35262642 6.3016247C3.44875266 6.3016247 3.52920942 6.23453569 3.54972779 6.14462657L3.54956438 4.8757731 3.54900389 4.86398144C3.53787453 4.76337421 3.45285185 4.6848649 3.34917538 4.68429919L3.14523225 4.68429618 3.14523225 4.36247346 5.03015333 4.36247346zM4.23744621 4.68429618L4.23733333 5.36218465 4.63303075 5.36231534C4.81624458 5.36231534 4.96659452 5.22160824 4.98191331 5.04236128L4.98319863 5.01214746C4.98319863 4.82893362 4.84249153 4.67858369 4.66324457 4.6632649L4.63303075 4.66197957 4.26519675 4.66199032 4.23744621 4.68429618 4.23744621 4.68429618zM10.736416 1.97363852L16.6827245 5.57604107 16.6827245 5.98514414 10.8136973 2.28771797C10.5604418 2.69538646 10.2376223 3.73595396 9.52509214 2.86327193 9.45213653 2.73437883 10.2228182 1.66545917 10.736416 1.97363852z"/>
    <path fill="#FFF" d="M14.7970419 13.2255231C15.4064717 15.602751 15.9889639 18.0781036 16.2001188 20.788801L16.3288706 25.4877024 15.6791551 25.5657812C16.4207158 26.1076322 16.7137919 26.4803778 16.5583834 26.684018 15.8316768 27.1225173 14.1696744 27.3222187 14.2379627 26.1430139 14.2873116 25.5782658 14.5603965 22.9362528 14.6132936 22.4447992 13.7626807 23.233018 12.0410955 24.7751846 11.6504636 25.1531937 11.3820534 25.0607957 10.9755793 24.8285626 10.7827275 24.732475 10.4995106 24.9954496 10.1812685 25.316603 9.66471964 25.8222996 9.56629771 26.0028745 9.44624132 26.4012479 9.31489747 26.6101273 9.12284573 26.7727883 8.94941843 26.5818242 8.8242164 26.3937357 8.39900351 25.3960415 9.42563269 24.2961081 9.41732987 24.2836724 9.5580755 23.6444687 10.1813329 23.6413539 10.1802004 23.6394508 12.2573142 22.0262722 13.0469661 21.4084428 13.7758914 20.9679003 13.7882443 20.7535911 13.9459092 20.5801904 14.1047552 20.4802526 13.887733 19.9614476 13.5884086 19.1741253 13.206782 18.1182857 12.5215433 17.1273683 12.7008357 16.2706695 12.8712621 15.7125366 11.9835065 13.9206962 11.5200953 13.6094054 11.1778642 12.6472024 10.8948573 11.9835423 11.2356244 11.5788805 11.3852737 11.2453362 10.205318 10.5085333 10.317552 9.9587595 10.5045878 9.3962347 10.6916235 8.83370991 11.3370336 8.49798279 12.3604254 8.83370991 12.3699984 8.81148302 12.3788488 8.84742934 12.3869766 8.94154887 12.7323533 9.46367453 12.9537441 9.90326829 13.0511491 10.2603302 13.5994581 9.75321125 14.5118413 9.75637229 14.7224684 9.60112712 14.7759112 9.69097136 15.1929059 9.04512591 15.9451271 8.74018613 16.2919038 8.46874395 16.5921281 8.16355688 16.6645665 7.61109047 16.8261189 6.95829162 16.4445129 6.65265378 16.4838302 5.85689079 16.4661193 5.50697073 16.6832095 5.43803453 16.8616309 5.44341073 17.2151152 5.49271372 17.7842787 5.90833089 17.9856388 6.23865936 18.1481888 6.44585263 17.9323825 6.82377581 17.8628257 7.13715984 17.7376815 7.70099015 17.0306471 9.25219908 16.3979309 10.7319065 15.9655149 11.185474 15.6811509 11.9147498 15.4049587 12.4257835 15.3055001 12.5925497 15.1028612 12.8591295 14.7970419 13.2255231zM10.3104693 4.39437533L11.0280583 6.10518528C11.0882001 6.24856995 11.223161 6.34520645 11.3763349 6.35745405L11.409416 6.35877316 11.409416 6.64062444 10.1175749 6.64044032 10.118004 6.36118979C10.1723637 6.35741242 10.22407 6.35215174 10.2712684 6.34540775L10.3326759 6.33528927C10.4276262 6.31297914 10.4073629 6.21671252 10.3104693 6.02962249L10.2911777 5.9935776 9.43754495 5.98514414C9.34594193 6.17982686 9.33559815 6.29654191 9.45684296 6.33528927 9.51916951 6.34627748 9.59028397 6.35453111 9.66554431 6.36005016L9.66553153 6.64044032 8.5790911 6.64062444 8.5790911 6.35877316C8.76134584 6.33749634 8.91885192 6.22163825 8.99343793 6.05398855L9.73178652 4.39437533 10.3104693 4.39437533zM9.8785289 4.99490864L9.54207921 5.71966595 10.1722121 5.71966595 9.8785289 4.99490864z"/>
    <path fill="#E7000A" stroke="#FFF" stroke-width=".5" d="M6.03,16.115 L8.11922524,16.1150096 L8.11922524,17.0695473 L7.6198214,19.3212381 C7.61228564,19.7138663 7.45007648,20.0686217 7.1915942,20.327104 C6.92684392,20.5918542 6.56109483,20.7556057 6.15709953,20.7556057 L6.15709953,20.7556057 L5.23225242,20.7556057 C4.82825712,20.7556057 4.46250802,20.5918542 4.19775775,20.327104 C3.93300748,20.0623537 3.76925603,19.6966046 3.76925603,19.2926093 L3.76925603,19.2926093 L3.76925603,17.2921562 L3.2206565,17.2921562 L3.23315007,16.1150096 L6.03,16.115 Z M5.37773164,17.2921562 L5.37773164,19.1055185 L6.42401228,17.2921562 L5.82366732,17.2921562 L5.37773164,17.2921562 Z"/>
    <path fill="#E7000A" stroke="#FFF" stroke-width=".5" d="M6.65718016,20.5556649 C6.9846037,20.5556649 7.28103008,20.6883795 7.49560057,20.90295 C7.71017107,21.1175205 7.84288568,21.4139469 7.84288568,21.7413704 C7.84288568,22.077201 7.75995152,22.3352189 7.63298307,22.5218713 C7.6192222,22.9732026 7.67879269,23.2668852 7.72332142,23.549283 L7.72332142,23.549283 L8.32801848,25.0498944 C7.36024404,25.0992522 6.8183194,24.9634043 6.50722912,24.7656983 C6.42353172,24.7125064 6.35398411,24.6545636 6.29624983,24.5929505 L6.227,24.508 L6.22718484,25.0600731 L3.28618722,25.0600731 L3.28618722,24.1695818 L3.79141711,21.6369826 L2.96914165,20.5556649 Z M5.45146301,23.3131645 L5.45146301,23.8507286 L6.031,23.949 L6.02400266,23.8574658 L6.02400266,23.8574658 L6.02094292,23.746585 L5.45146301,23.3131645 Z"/>
  </g>
</svg>
